PLATFORM images/wall.png -3.08052 -2.44846 -2 1 0.3 1 1 1 0
PLATFORM images/wall.png -1.04934 -2.44846 -2 1 0.3 1 1 1 0
PLATFORM images/wall.png 0.98184 -2.44846 -2 1 0.3 1 1 1 0
PLATFORM images/wall.png 3.00075 -2.44846 -2 1 0.3 1 1 1 0
PLATFORM images/wall.png 5.03806 -2.44846 -2 1 0.3 1 1 1 0
PLATFORM images/wall.png 1.22335 -1.3669 -2 1 0.2 1 1 1 0
PLATFORM images/wall.png 8.58975 -2.21604 -2 1 1 1 1 1 0
PLATFORM images/wall.png 10.5918 -2.21604 -2 1 1 1 1 1 0
PLATFORM images/wall.png 12.5593 -2.20914 -2 1 1 1 1 1 0
PLATFORM images/wall.png 14.5562 -2.20914 -2 1 1 1 1 1 0
PLATFORM images/wall.png 16.5514 -2.20914 -2 1 1 1 1 1 0
PLATFORM images/wall.png 18.5258 -2.20914 -2 1 1 1 1 1 0
PLATFORM images/wall.png 20.5257 -2.20914 -2 1 1 1 1 1 0
PLATFORM images/wall.png 22.507 -2.20914 -2 1 1 1 1 1 0
PLATFORM images/wall.png -4.61676 -1.62234 -2 0.6 0.3 1 1 1 0
PLATFORM images/wall.png -4.72894 -2.4335 -2 0.6 0.3 1 1 1 0
PLATFORM images/wall.png -5.92843 -2.4335 -2 0.6 0.3 1 1 1 0
ENEMY 3.76244 -1.81564 -3 0.25 0
ENEMY 18.0504 1.56711 -3 2.3 1
ENEMY -0.914722 -1.86396 -3 0.25 0
ENEMY -3.1929 -1.88985 -3 0.25 0
ENEMY 4.88427 -1.80355 -3 0.25 1
COLLECTIBLE images/banana.png 2.07249 -1.85361 -2 0.1 1 1
COLLECTIBLE images/banana.png -0.392083 -1.60508 -2 0.1 1 1
COLLECTIBLE images/banana.png -2.2664 -1.78112 -2 0.1 1 1
COLLECTIBLE images/banana.png -1.57259 -1.69828 -2 0.1 1 1
COLLECTIBLE images/banana.png 1.19228 -1.72934 -2 0.1 1 1
COLLECTIBLE images/banana.png 3.40833 -1.93645 -2 0.1 1 1
COLLECTIBLE images/banana.png 4.21604 -1.89503 -2 0.1 1 1
COLLECTIBLE images/banana.png -2.60609 -2.01066 -2 0.1 1 1
COLLECTIBLE images/banana.png -0.103553 -2.01929 -2 0.1 1 1
COLLECTIBLE images/banana.png 1.18223 -2.05381 -2 0.1 1 1
BARREL -2.38173 -0.227817 -2 -60 0 1
BARREL -2.38173 -0.227817 -2 -60 0 1
BARREL -2.38173 -0.227817 -2 -60 0 1
BARREL -2.38173 -0.227817 -2 -60 0 1
BARREL -2.38173 -0.227817 -2 -60 0 1
BARREL -2.38173 -0.227817 -2 -60 0 1
BARREL -2.38173 -0.227817 -2 -60 0 1
BARREL -2.38173 -0.227817 -2 -60 0 1
BARREL -2.38173 -0.227817 -2 -60 0 1
BARREL -2.38173 -0.227817 -2 -60 0 1
BARREL -2.38173 -0.227817 -2 -60 0 1
BARREL -2.38173 -0.227817 -2 -60 0 1
BARREL -2.38173 -0.227817 -2 -60 0 1
BARREL -2.38173 -0.227817 -2 -60 0 1
BARREL -2.38173 -0.227817 -2 -60 0 1
BARREL -2.38173 -0.227817 -2 -60 0 1
BARREL -2.38173 -0.227817 -2 -60 0 1
BARREL -2.38173 -0.227817 -2 -60 0 1
BARREL -2.38173 -0.227817 -2 -60 0 1
BARREL -2.38173 -0.227817 -2 -60 0 1
BARREL -2.38173 -0.227817 -2 -60 0 1
BARREL -2.38173 -0.227817 -2 -60 0 1
BARREL -2.38173 -0.227817 -2 -60 0 1
BARREL -2.38173 -0.227817 -2 -60 0 1
BARREL -2.38173 -0.227817 -2 -60 0 1
BARREL -2.38173 -0.227817 -2 -60 0 1
BARREL -2.38173 -0.227817 -2 -60 0 1
BARREL -2.38173 -0.227817 -2 -60 0 1
BARREL -2.38173 -0.227817 -2 -60 0 1
BARREL -2.38173 -0.227817 -2 -60 0 1
BARREL -2.38173 -0.227817 -2 -60 0 1
BARREL -2.38173 -0.227817 -2 -60 0 1
BARREL -2.38173 -0.227817 -2 -60 0 1
BARREL -2.38173 -0.227817 -2 -60 0 1
BARREL -2.38173 -0.227817 -2 -60 0 1
BARREL -2.38173 -0.227817 -2 -60 0 1
BARREL -2.38173 -0.227817 -2 -60 0 1
BARREL -2.38173 -0.227817 -2 -60 0 1
BARREL -2.38173 -0.227817 -2 -60 0 1
BARREL -2.38173 -0.227817 -2 -60 0 1
BARREL -2.38173 -0.227817 -2 -60 0 1
BARREL -2.38173 -0.227817 -2 -60 0 1
BARREL -2.38173 -0.227817 -2 -60 0 1
BARREL -2.38173 -0.227817 -2 -60 0 1
BARREL -2.38173 -0.227817 -2 -60 0 1
BARREL -2.38173 -0.227817 -2 -60 0 1
BARREL -2.38173 -0.227817 -2 -60 0 1
BARREL -2.38173 -0.227817 -2 -60 0 1
BARREL 12.6341 1.89158 -2 -60 0 1
BARREL -2.38173 -0.227817 -2 -60 0 1
BARREL -2.38173 -0.227817 -2 -60 0 1
BARREL -2.38173 -0.227817 -2 -60 0 1
BARREL -2.38173 -0.227817 -2 -60 0 1
BARREL -2.38173 -0.227817 -2 -60 0 1
BARREL -2.38173 -0.227817 -2 -60 0 1
BARREL -2.38173 -0.227817 -2 -60 0 1
BARREL -2.38173 -0.227817 -2 -60 0 1
BARREL -2.38173 -0.227817 -2 -60 0 1
BARREL -2.38173 -0.227817 -2 -60 0 1
BARREL -2.38173 -0.227817 -2 -60 0 1
BARREL -2.38173 -0.227817 -2 -60 0 1
BARREL -2.38173 -0.227817 -2 -60 0 1
BARREL -2.38173 -0.227817 -2 -60 0 1
BARREL -2.38173 -0.227817 -2 -60 0 1
BARREL -2.38173 -0.227817 -2 -60 0 1
BARREL -2.38173 -0.227817 -2 -60 0 1
BARREL -2.38173 -0.227817 -2 -60 0 1
BARREL -2.38173 -0.227817 -2 -60 0 1
BARREL -2.38173 -0.227817 -2 -60 0 1
BARREL -2.38173 -0.227817 -2 -60 0 1
BARREL -2.38173 -0.227817 -2 -60 0 1
BARREL -2.38173 -0.227817 -2 -60 0 1
BARREL -2.38173 -0.227817 -2 -60 0 1
BARREL -2.38173 -0.227817 -2 -60 0 1
BARREL -2.38173 -0.227817 -2 -60 0 1
BARREL -2.38173 -0.227817 -2 -60 0 1
BARREL -2.38173 -0.227817 -2 -60 0 1
BARREL -2.38173 -0.227817 -2 -60 0 1
BARREL -2.38173 -0.227817 -2 -60 0 1
BARREL -2.38173 -0.227817 -2 -60 0 1
BARREL -2.38173 -0.227817 -2 -60 0 1
BARREL -2.38173 -0.227817 -2 -60 0 1
BARREL -2.38173 -0.227817 -2 -60 0 1
BARREL -2.38173 -0.227817 -2 -60 0 1
BARREL -2.38173 -0.227817 -2 -60 0 1
BARREL -2.38173 -0.227817 -2 -60 0 1
BARREL -2.38173 -0.227817 -2 -60 0 1
BARREL -2.38173 -0.227817 -2 -60 0 1
BARREL -2.38173 -0.227817 -2 -60 0 1
BARREL -2.38173 -0.227817 -2 -60 0 1
BARREL -2.38173 -0.227817 -2 -60 0 1
BARREL -2.38173 -0.227817 -2 -60 0 1
BARREL -2.38173 -0.227817 -2 -60 0 1
BARREL -2.38173 -0.227817 -2 -60 0 1
BARREL -2.38173 -0.227817 -2 -60 0 1
BARREL -2.38173 -0.227817 -2 -60 0 1
BARREL -2.38173 -0.227817 -2 -60 0 1
BARREL 12.6341 1.89158 -2 -60 0 1
BARREL 1.47564 0.224366 -2 90 0 1
BARREL 3.7797 -0.77665 -2 90 0 1
GOAL images/goal.png 23.4132 -0.949239 -2 0.2 1 1
